1000000010000000
1000000010000000
1000000010000000
1000000010000000
1000000010000000
1000000010000000
1000000010000000
1000000010000000
1000000010000000
1000000010000000
1000000010000000
1000000010000000
1000000010000000
1000000010000000
1000000010000000
1000000010000000
1000000010000000
1000000010000000
1000000010000000
1000000010000000
1000000010000000
1000000010000000
1000000010000000
1000000010000000
1000000010000000
1000000010000000
1000000010000000
1000000010000000
1000000010000000
1000000010000000
1000000010000000
1000000010000000
1000000010000000
1000000010000000
1000000010000000
1000000010000000
1000000010000000
1000000010000000
1000000010000000
1000000010000000
1000000010000000
1000000010000000
1000000010000000
1000000010000000
1000000010000000
1000000010000000
1000000010000000
1000000010000000
1000000010000000
1000000010000000
1000000010000000
1000000010000000
1000000010000000
1000000010000000
1000000010000000
1000000010000000
1000000010000000
1000000010000000
1000000010000000
1000000010000000
1000000010000000
1000000010000000
1000000010000000
1000000010000000
1000000010000000
1000000010000000
1000000010000000
1000000010000000
1000000010000000
1000000010000000
1000000010000000
1000000010000000
1000000010000000
1000000010000000
1000000010000000
1000000010000000
1000000010000000
1000000010000000
1000000010000000
1000000010000000
1000000010000000
1000000010000000
1000000010000000
1000000010000000
1000000010000000
1000000010000000
1000000010000000
1000000010000000
1000000010000000
1000000010000000
1000000010000000
1000000010000000
1000000010000000
1000000010000000
1000000010000000
1000000010000000
1000000010000000
1000000010000000
1000000010000000
1000000010000000
1000000010000000
1000000010000000
1000000010000000
1000000010000000
1000000010000000
1000000010000000
1000000010000000
1000000010000000
1000000010000000
1000000010000000
1000000010000000
1000000010000000
1000000010000000
1000000010000000
1000000010000000
1000000010000000
1000000010000000
1000000010000000
1000000010000000
1000000010000000
1000000010000000
1000000010000000
1000000010000000
1000000010000000
1000000000001001
0000100110000000
1000000000001001
0000100110000000
1000000000001001
0000100110000000
1000000000000011
0000001110000000
1000000010000001
1000000110000000
1000000010000001
1000000110000000
1000000010000010
1000001010000000
1000000010000010
1000001010000000
1000000010000001
1000000110000000
1000000010000001
1000000110000000
1000000010000001
1000000110000000
1000000010000001
1000000110000000
1000000010000001
1000000110000000
1000000010000001
1000000110000000
1000000010000001
1000000110000000
1000000010000000
1000000010000000
1000000010000001
1000000110000000
1000000010000001
1000000110000000
1000000010000001
1000000110000000
1000000010000000
1000000010000000
1000000010000001
1000000110000000
1000000010000000
1000000010000000
1000000010000001
1000000110000000
1000000010000001
1000000110000000
1000000010000000
1000000010000000
1000000010000001
1000000110000000
1000000010000000
1000000010000000
1000000010000001
1000000110000000
1000000010000000
1000000010000000
1000000010000001
1000000110000000
1000000010000000
1000000010000000
1000000000000011
0000001110000000
1000000000000011
0000001110000000
1000000000000011
0000001110000000
1000000000000100
0000010010000000
1000000000000010
0000001010000000
1000000000000011
0000001110000000
1000000000000010
0000001010000000
1000000000000001
0000000110000000
1000000000000010
0000001010000000
1000000000000001
0000000110000000
1000000010000000
1000000010000000
1000000000000001
0000000110000000
1000000010000000
1000000010000000
1000000010000000
1000000010000000
1000000010000000
1000000010000000
1000000010000000
1000000010000000
1000000010000000
1000000010000000
1000000010000001
1000000110000000
1000000010000000
1000000010000000
1000000010000000
1000000010000000
1000000010000001
1000000110000000
1000000010000000
1000000010000000
1000000010000001
1000000110000000
1000000010000001
1000000110000000
1000000010000000
1000000010000000
1000000010000001
1000000110000000
1000000010000001
1000000110000000
1000000010000000
1000000010000000
1000000010000001
1000000110000000
1000000010000000
1000000010000000
1000000010000001
1000000110000000
1000000010000000
1000000010000000
1000000010000001
1000000110000000
1000000010000000
1000000010000000
1000000010000000
1000000010000000
1000000010000001
1000000110000000
1000000010000000
1000000010000000
1000000010000001
1000000110000000
1000000010000000
1000000010000000
1000000010000000
1000000010000000
1000000010000000
1000000010000000
1000000010000000
1000000010000000
1000000010000001
1000000110000000
1000000010000000
1000000010000000
1000000010000000
1000000010000000
1000000010000000
1000000010000000
1000000010000000
1000000010000000
1000000010000001
1000000110000000
1000000010000000
1000000010000000
1000000010000000
1000000010000000
1000000010000000
1000000010000000
1000000010000000
1000000010000000
1000000010000000
1000000010000000
1000000010000000
1000000010000000
1000000010000000
1000000010000000
1000000010000000
1000000010000000
1000000010000000
1000000010000000
1000000010000000
1000000010000000
1000000010000000
1000000010000000
1000000010000000
1000000010000000
1000000010000000
1000000010000000
1000000010000000
1000000010000000
1000000010000000
1000000010000000
1000000010000000
1000000010000000
1000000010000000
1000000010000000
1000000010000001
1000000110000000
1000000010000000
1000000010000000
1000000010000000
1000000010000000
1000000010000001
1000000110000000
1000000010000000
1000000010000000
1000000010000000
1000000010000000
1000000010000001
1000000110000000
1000000010000000
1000000010000000
1000000010000000
1000000010000000
1000000010000001
1000000110000000
1000000010000000
1000000010000000
1000000010000001
1000000110000000
1000000010000000
1000000010000000
1000000010000001
1000000110000000
1000000010000000
1000000010000000
1000000010000001
1000000110000000
1000000010000000
1000000010000000
1000000010000000
1000000010000000
1000000010000001
1000000110000000
1000000010000000
1000000010000000
1000000010000001
1000000110000000
1000000010000000
1000000010000000
1000000010000000
1000000010000000
1000000010000000
1000000010000000
1000000010000001
1000000110000000
1000000010000000
1000000010000000
1000000010000000
1000000010000000
1000000010000001
1000000110000000
1000000010000000
1000000010000000
1000000010000000
1000000010000000
1000000010000000
1000000010000000
1000000010000000
1000000010000000
1000000000000001
0000000110000000
1000000010000000
1000000010000000
1000000010000000
1000000010000000
1000000010000000
1000000010000000
1000000010000000
1000000010000000
1000000010000000
1000000010000000
1000000010000000
1000000010000000
1000000010000000
1000000010000000
1000000010000000
1000000010000000
1000000010000000
1000000010000000
0000100110001001
1000100100001001
0000000110001001
1000100110001001
0000100110001001
1000100100001001
0000011010000111
1000010110001001
0000100110000111
1000100100001001
1000010000000110
0000100110001001
0000100110000110
1000001100001000
1000100100000101
0000100110001001
0000100110000100
0000000100000110
1000100100000100
0000100110000111
0000001110000010
1000001000000011
1000100110000000
0000011010000010
1000010000000010
0000001010000001
1000001110000111
1000001100000110
0000000100000001
0000000110000000
1000001010000100
1000001000000100
1000000000000001
0000001000000001
1000001010000010
1000000100000010
1000000100000001
0000000100000001
1000001010000000
1000000100000010
1000000100000010
0000000110000000
1000001010000000
1000000000000010
1000000100000010
0000000110000000
1000001000000010
1000000010000000
1000001000000010
0000000100000001
1000000100000001
1000000010000000
1000000100000010
1000000000000001
1000000100000001
1000000010000000
1000000100000010
1000000000000001
1000000100000001
1000000010000000
1000000100000010
1000000010000000
1000000010000000
1000000100000001
1000000000000001
1000001000000010
1000000010000000
1000000100000001
0000000100000001
1000000100000001
1000000000000001
1000001000000001
1000000000000001
1000000110000000
1000000000000001
1000000110000000
1000000000000001
1000000110000000
1000000000000001
1000000110000000
1000000000000010
1000000110000001
1000000100000001
1000000110000001
1000000000000010
1000000110000000
1000000000000001
1000000110000010
1000000000000010
1000000010000001
1000000000000010
1000000110000001
1000000000000001
1000000010000001
1000000000000001
1000000110000001
0000001010000000
1000000110000000
0000000110000000
1000001010000000
0000000110000000
1000000110000001
0000000110000000
1000000110000000
0000001010000000
1000000110000000
0000000110000000
1000000010000001
1000000010000000
1000000010000001
0000000110000000
1000000010000000
0000000110000000
1000000010000001
1000000010000000
1000000010000001
0000000110000000
0000000110000001
1000000010000000
1000000010000001
1000000010000000
0000000110000000
0000000110000000
0000000110000001
1000000110000000
0000000110000000
0000000110000000
0000000110000001
1000000010000000
0000000110000001
1000000110000000
0000000110000001
1000000010000000
0000000110000000
1000000010000000
0000000110000001
1000000010000000
0000000110000001
1000000010000000
0000000110000001
1000000110000000
0000001010000000
1000000010000000
0000000110000001
0000000110000001
1000000010000000
0000011110001000
0000000110000000
1000011000000110
1000000010000000
0000010010000110
0000000110000000
1000001100000011
0000000110000000
0000001010000011
0000000110000000
1000001000000010
1000000010000000
0000000110000011
0000000110000000
1000001000000001
0000000110000001
0000000110000001
0000000110000000
1000001010000000
0000000110000000
1000000010000000
1000000010000000
1000000110000000
0000000110000000
0000000110000001
1000000000000001
1000000110000000
1000000010000000
1000000010000001
1000000000000001
1000000010000000
1000000010000000
1000000010000000
1000000000000001
1000000110000000
1000000010000000
1000000010000000
1000000010000000
1000000110000000
1000000010000000
1000000010000000
1000000010000000
1000000100000001
1000000010000000
1000000000000001
1000000010000000
1000000110000000
1000000010000000
1000000000000001
1000000010000000
1000000100000001
1000000010000000
1000000100000001
1000000010000000
1000000000000001
1000000010000000
1000000100000001
1000000010000001
1000000100000001
1000000010000000
1000000100000001
1000000010000000
1000000000000001
1000000010000001
1000000100000001
1000000010000000
1000000000000001
1000000110000000
1000000010000000
1000000010000000
1000000010000000
1000001000000001
0000000110000000
1000000110000000
0000000110000000
1000000100000001
1000000010000000
1000000100000001
0000000110000000
1000001010000000
1000000010000000
1000000100000001
0000000110000000
1000000110000000
1000000010000000
1000000010000000
0000000110000000
1000000100000001
0000000110000000
1000000110000000
1000000010000000
1000000010000000
0000000110000000
1000000110000000
1000000010000000
1000000010000000
1000000010000000
1000000010000000
1000011010001001
0000011000001001
1000000000001001
1000000010001001
1000000010001001
1000000000001001
1000000000000011
0000000110000100
1000000010001001
1000000000001001
1000000000000011
0000000110000100
1000000010001001
1000000000001000
1000000100000011
0000000110000100
1000000010000101
0000000100000101
1000000000000001
0000000110000010
1000000010000100
0000000100000011
1000000010000000
1000000010000001
0000000110000100
1000000000000011
1000000010000010
1000000010000000
0000000110000011
1000000000000011
1000000010000010
1000000010000000
0000000110000011
1000000000000010
1000000010000001
1000000000000010
1000000010000011
1000000000000010
0000000110000010
1000000000000001
1000000010000010
1000000000000010
1000000010000010
1000000000000001
1000000010000010
1000000000000010
1000000010000010
1000000000000010
1000000010000010
1000000000000010
1000000010000001
1000000000000010
1000000110000110
1000010100000001
1000000100000100
0000010100000010
1000000010000011
1000001100000001
1000000100000010
0000001100000001
1000000110000010
1000000100000001
1000000000000010
0000000100000001
1000000110000001
1000000000000001
1000000010000000
1000000000000001
1000000110000000
1000000000000001
0000000110000001
1000000100000011
1000000010000001
1000000100000001
0000000110000001
1000000000000010
1000000010000000
1000000100000001
1000000010000001
1000000000000010
1000000010000001
1000000000000001
1000000010000000
1000000000000001
1000000010000001
1000000110000000
1000000010000000
1000000000000001
1000000010000001
0000000110000000
1000000010000000
1000000010000000
1000000010000001
1000000010000000
1000000010000000
1000000010000000
1000000110000001
0000000110000000
1000000010000000
1000000010000000
1000000010000001
1000000010000001
1000000110000000
0000000110000000
1000000010000001
1000000010000000
1000000010000001
1000000010000000
1000000010000000
0000000110000000
1000000010000001
1000000000000001
1000000010000010
1000000110000000
0000000110000001
1000000000000001
1000000010000001
1000000010000000
1000000010000000
1000000100000001
1000000010000001
1000000010000000
1000000010000001
1000000010000000
1000000010000000
1000000000000001
1000000010000000
1000000010000000
1000000010000001
1000000010000000
1000000010000000
1000000010000000
1000000010000000
1000000010000000
1000000010000000
1000000000000001
1000000010000000
1000000010000000
1000000010000000
1000000010000000
1000000010000000
1000000010000000
1000000010000000
1000000010000000
1000000110000000
1000000000000001
1000000010000000
1000000010000000
1000000010000000
1000000010000000
1000000010000000
0000000110000000
1000000010000000
1000000010000000
1000000010000000
1000000110000000
1000000010000000
1000000000000001
1000000010000000
1000000010000000
1000000010000000
1000000010000000
1000000010000000
1000000010000000
1000000010000000
1000000010000000
1000000010000000
1000000010000000
1000000010000001
1000000010000000
1000000010000000
1000000010000000
1000000010000000
1000000010000000
1000000010000000
1000000010000000
1000000010000000
1000000010000000
1000000010000000
1000000010000000
1000000010000000
1000000010000000
1000000010000001
1000000010000000
1000000010000000
1000000010000000
1000000010000000
1000000110000001
0000000110000000
1000000010000000
1000000010000000
1000000010000000
1000000010000000
1000000010000000
1000000010000000
1000000010000000
1000000010000000
1000000010000000
1000000010000000
1000000010000000
1000000010000000
1000000010000000
1000000010000000
1000000010000000
1000000010000000
1000000010000000
1000000010000000
1000000010000000
1000000010000000
1000000010000000
1000000010000000
1000000010000000
1000000010000000
1000000010000000
1000000010000000
1000000010000000
1000000010000000
1000000010000000
1000000010000000
1000000010000000
1000000010000000
1000000010000000
1000000010000000
1000000010000000
1000000010000000
1000000010000000
1000000010000001
1000000010000000
1000000010000000
1000000010000000
1000000000000001
1000000010000000
1000000010000000
1000000010000000
1000000010000001
1000000010000000
1000000010000000
1000000010000000
1000000010000000
1000000010000000
1000000010000000
1000000010000000
1000000010000000
1000000010000000
1000000010000000
1000000010000000
1000000010000000
1000000010000000
1000000010000000
1000000010000000
1000000010000000
1000000010000000
1000000010000000
1000000000000001
1000000010000000
1000000010000000
1000000010000000
1000000010000001
1000000010000000
1000000010000000
1000000010000000
1000000010000000
1000000010000000
1000000010000000
1000000010000000
1000000010000000
1000000010000000
1000000010000000
1000000010000000
1000000010000000
1000000010000000
1000000010000000
1000000010000000
1000000010000000
1000000010000000
1000000010000000
1000000010000000
1000000010000000
1000000010000000
1000000010000000
1000000010000000
1000000010000000
1000000010000000
1000000010000000
1000000000000001
1000000010000000
1000000010000000
0000000110000000
1000000010000000
1000000010000000
1000000010000000
1000000010000000
1000000010000000
1000000010000000
1000000010000000
1000000010000000
1000000010000000
1000000000000001
1000000010000000
1000000010000001
1000000010000000
1000000010000000
1000000010000000
1000000010000000
1000000010000000
1000000010000000
1000000010000000
1000000010000000
1000000010000000
1000000010000000
1000000000000001
1000000000000001
1000000010000000
1000000010000000
1000000010000001
1000000010000000
1000000010000000
1000000010000000
1000000000000001
1000000010000001
1000000010000000
0000000110000000
1000000010000000
1000000000000001
1000000010000000
1000000010000000
1000000010000000
1000000010000000
1000000010000000
1000000010000000
1000000010000000
1000000010000000
1000000010000000
1000000010000000
1000000010000000
1000000010000000
1000000010000000
1000000010000000
1000000010000000
1000000010000000
1000000010000000
1000000010000000
1000000010000000
1000000010000000
1000000010000000
1000000010000000
1000000000000001
1000000010000000
1000000010000000
1000000010000000
1000000010000000
1000000010000000
1000000010000000
1000000010000000
1000000010000000
0000000110000000
1000000010000000
1000000010000000
1000000010000000
1000000010000000
1000000010000000
1000000010000000
1000000010000000
1000000010000000
1000000110000000
1000000010000000
1000000010000001
1000000010000000
1000000000000001
1000000010000000
1000000010000000
1000000010000000
1000000010000000
1000000010000000
1000000010000000
1000000010000000
1000000010000000
1000000010000000
1000000010000000
1000000010000000
1000000010000000
1000000010000000
1000000010000000
1000000010000000
1000000010000000
1000000010000000
1000000010000000
1000000010000000
1000000010000000
1000000010000000
1000000010000000
1000000010000000
1000000010000000
1000000010000000
1000000010000000
1000000010000000
1000000010000000
1000000000000001
1000000010000000
1000000010000000
1000000010000000
1000000010000001
1000000010000000
1000000000000001
1000000010000000
1000000010000000
1000000010000000
1000000010000000
1000000010000000
1000000010000000
1000000010000000
1000000010000000
1000000010000000
1000000010000000
1000000010000000
1000000010000000
1000000000000001
1000000010000000
1000000010000001
1000000010000000
1000000010000000
1000000010000000
1000000010000000
1000000010000000
1000000010000000
1000000010000000
1000000010000000
1000000110000000
1000000010000000
1000000010000000
1000000010000000
1000000000000001
1000000010000000
1000000010000000
1000000010000000
1000000010000000
1000000010000000
1000000010000000
1000000010000000
1000000010000000
1000000010000000
1000000010000000
1000000010000000
1000000010000000
1000000010000000
1000000010000000
1000000010000000
1000000010000000
1000000010000000
1000000010000000
1000000010000000
1000000010000000
1000000010000000
1000000010000000
1000000010000000
1000000010000000
1000000010000000
1000000010000000
1000000010000000
1000000010000000
1000000010000000
1000000010000000
1000000000000001
1000000010000000
1000000010000000
1000000010000000
1000000010000001
1000000010000000
1000000010000000
1000000010000000
1000000010000000
1000000010000000
1000000010000000
1000000010000000
1000000010000000
1000000000000001
1000000010000000
1000000010000000
1000000000000001
1000000010000001
1000000010000000
1000000010000000
1000000010000001
1000000010000000
1000000010000000
1000000010000000
1000000010000000
1000000010000000
1000000010000000
1000000010000000
1000000010000000
1000000010000000
1000000010000000
1000000000000001
1000000010000000
1000000010000000
1000000010000000
1000000010000001
1000000010000000
1000000010000000
1000000010000000
1000000010000000
1000000010000000
1000000010000000
1000000010000000
1000000010000000
1000000010000000
1000000010000000
1000000010000000
1000000010000000
1000000010000000
1000000010000000
1000000010000000
1000000010000000
1000000010000000
1000000010000000
1000000010000000
1000000010000000
1000000010000000
1000000010000000
1000000010000000
1000000010000000
1000000010000000
1000000110000000
1000000010000000
1000000010000000
1000000010000000
1000000010000000
1000000010000000
1000000010000000
1000000010000000
1000000010000000
1000000010000000
1000000010000000
1000000010000000
1000000010000000
1000000010000000
0000000110000000
1000000010000000
1000000010000000
1000000010000000
1000000010000000
1000000010000000
1000000010000000
1000000010000000
1000000010000000
1000000010000000
1000000010000000
1000000010000000
1000000010000000
1000000010000000
1000000110000000
1000000010000000
1000000010000000
1000000010000000
0000000110000000
1000000010000000
1000000110000000
1000000010000000
1000000010000000
1000000010000000
1000000010000000
1000000010000000
1000000010000001
1000000010000000
1000000010000000
1000000010000000
0000000100000001
1000000010000000
1000000010000000
1000000010000000
1000000110000001
1000000010000000
1000000010000000
1000000010000000
0000000110000000
1000000010000000
1000000010000000
1000000010000000
1000000010000000
1000000010000000
1000000010000000
1000000010000000
1000000010000000
1000000010000000
1000000010000000
1000000010000000
1000000010000000
1000000010000000
1000000010000000
1000000010000000
1000000110000000
1000000010000000
1000000010000000
1000000010000000
1000000010000000
1000000010000000
1000000010000000
1000000010000000
1000000010000000
1000000010000000
1000000010000000
1000000010000000
0000000110000000
1000000010000000
1000000010000001
1000000010000000
1000000010000000
1000000010000000
1000000010000000
1000000000000001
1000000010000000
1000000010000000
1000000000000001
1000000010000001
1000000010000000
1000000010000000
1000000010000001
1000000010000000
1000000010000000
1000000010000000
1000000010000000
1000000010000000
1000000010000000
1000000010000000
1000000010000000
1000000010000000
1000000010000000
1000000010000000
1000000010000000
1000000010000000
1000000010000000
1000000010000000
1000000010000000
1000000010000000
1000000010000000
1000000010000000
1000000010000000
1000000010000000
1000000110000000
1000000010000000
1000000010000000
1000000010000000
1000000010000000
1000000010000000
0000000110000000
1000000010000000
1000000010000000
1000000010000000
1000000010000001
1000000010000000
1000000010000000
1000000000000001
1000000000000001
1000000010000000
1000000010000000
1000000010000000
1000000010000001
1000000010000000
1000000010000000
1000000010000001
1000000000000001
1000000000000001
1000000010000000
1000000010000000
1000000010000001
1000000010000001
1000000010000000
1000000010000000
1000000010000000
1000000000000001
1000000010000000
1000000010000000
1000000010000000
1000000010000000
1000000010000000
1000000010000000
1000000010000000
1000000010000001
1000000010000000
1000000010000000
1000000010000000
1000000000000001
1000000010000000
1000000010000000
1000000010000000
1000000010000000
1000000010000000
1000000010000000
1000000010000000
1000000010000001
1000000010000000
1000000010000000
1000000010000000
1000000000000001
1000000010000000
1000000010000000
1000000010000000
1000000010000000
1000000010000000
1000000010000000
1000000010000000
1000000010000000
1000000010000000
1000000010000000
1000000010000000
1000000010000000
1000000010000000
1000000010000000
1000000010000000
1000000010000000
1000000010000000
1000000010000000
1000000010000000
1000000010000000
1000000010000000
1000000010000000
1000000010000000
1000000010000000
1000000010000000
1000000010000000
1000000010000000
1000000010000000
1000000010000000
1000000010000000
1000000010000001
1000000010000000
1000000010000000
1000000000000001
0000000110000000
1000000010000000
1000000010000000
1000000010000000
1000000010000000
1000000010000001
1000000110000000
1000000010000000
1000000000000001
1000000000000001
1000000010000001
1000000010000001
1000000010000000
1000000010000000
1000000010000000
1000000010000000
1000000010000000
1000000000000001
1000000010000000
1000000010000000
0000000110000000
1000000010000000
1000000110000000
1000000010000000
1000000010000000
1000000010000000
1000000010000000
1000000010000000
0000001010000000
1000000010000000
1000000010000000
1000000010000000
1000000010000000
1000000010000000
1000000010000000
1000000010000000
1000000010000000
1000000010000000
1000000010000000
1000000010000000
1000000010000000
1000000010000000
0000100110000000
1000000010000000
1000100110000000
1000000010000000
1000100110000000
1000000010000000
1000100110000000
1000000010000000
0000100110000000
1000000010000000
0000100010000000
1000000010000000
1000100010000000
1000000010000000
0000011110000000
1000000010000000
0000011110000000
1000000010000000
1000011010000000
1000000010000000
1000011010000000
1000000010000000
0000010110000000
1000000000000001
0000010110000000
1000000010000000
1000010010000000
1000000010000001
1000010010000000
1000000010000000
0000001110000000
1000000010000000
0000001110000001
1000000010000000
1000001010000000
1000000000000001
1000001000000001
1000000010000000
0000000110000000
1000000010000001
0000000110000001
1000000010000000
0000000110000000
1000000000000001
1000000010000000
1000000010000000
1000000010000000
1000000010000000
1000000010000000
1000000010000001
1000000010000000
1000000010000000
1000000010000000
1000000000000001
1000000010000000
1000000010000000
0000000110000000
1000000010000000
0000000110000000
1000000010000000
1000001010000000
1000000010000000
1000001010000000
1000000010000000
0000001110000000
1000000010000000
0000001110000000
1000000010000000
1000010010000000
1000000010000000
1000010010000000
1000000010000000
0000010110000000
1000000010000000
0000010110000000
1000000010000000
1000011010000000
1000000010000000
1000011010000000
1000000010000000
0000011110000000
1000000010000000
0000011110000000
1000000010000000
1000100010000000
1000000010000000
0000100010000000
1000000010000000
0000100110000000
1000000010000000
1000100110000000
1000000010000000
1000100110000000
1000000010000000
1000100110000000
1000000010000000
0000100110000000
1000000010000000
0000000110000000
1000000000000001
1000000010000000
1000000010000000
1000000010000000
1000000010000001
1000000010000000
1000000010000000
1000000010000000
1000000000000001
1000000010000000
1000000010000000
1000000010000001
1000000010000001
1000000110000000
1000000000000001
0000000100000001
1000000010000000
1000001010000000
1000000010000000
1000001010000001
1000000010000000
0000001110000000
1000000010000001
1000010010000000
1000000000000001
1000001110000000
1000000010000000
1000010010000000
1000000010000000
0000010110000000
1000000010000000
1000011010000000
1000000010000000
1000010110000000
1000000010000000
1000011010000000
1000000010000001
0000011110000000
1000000000000001
1000100010000000
1000000010000000
1000011110000000
1000000010000000
1000100010000000
1000000010000000
0000100110000000
1000000010000000
0000100110000000
1000000010000000
0000100110000000
1000000010000000
0000100110000000
1000000010000000
0000000110000000
1000000010000000
0000001110000000
1000000010000000
1000000010000000
1000000010000000
1000000010000000
1000000010000000
1000000010000000
1000000010000000
1000000010000000
1000000010000000
1000000010000000
1000000010000000
1000000010000000
1000000010000000
1000100110000000
1000000010000000
0000000110000000
1000000010000000
1000100110000000
1000000010000000
1000000110000000
1000000010000000
0000100110000000
1000000000000001
1000001010000000
1000000010000000
1000100110000000
1000000010000001
0000001110000000
1000000010000000
0000100110000000
1000000010000000
1000010010000000
1000000000000001
1000100010000000
1000000010000000
1000001010000000
1000000010000000
1000001110000000
1000000010000000
0000100010000000
1000000010000001
0000010010000000
1000000010000000
1000011110000000
1000000000000001
1000010110000000
1000000010000000
0000011010000000
1000000010000000
1000010110000000
1000000010000000
1000011010000000
1000000010000000
1000011110000000
1000000010000000
0000000110000000
1000000010000000
0000100110000000
1000000010000000
0000001010000000
1000000010000000
0000100110000000
1000000010000000
0000001110000000
1000000010000000
0000100110000000
1000000010000000
0000010010000000
1000000010000000
1000000010000000
1000000010000000
1000000010000000
1000000010000000
1000000010000000
1000000010000001
1000000010000001
1000000010000000
1000000010000000
1000000000000001
1000000000000001
1000000010000000
1000000010000000
1000000010000000
1000001010000001
1000000010000000
1000000010000000
1000000010000001
1000000010000000
1000000010000000
1000000010000000
1000000000000001
1000000010000000
1000000010000000
1000000010000000
1000000010000000
1000000010000000
1000000010000000
1000000010000000
1000000010000001
1000000010000000
1000000010000000
1000000010000000
1000000000000001
1000000010000000
1000000010000000
1000000010000000
1000000110000000
1000000010000000
1000000010000000
1000000010000000
1000000010000000
1000000010000000
1000000010000000
1000000010000000
1000000010000000
1000000010000000
1000000010000000
1000000010000000
1000000010000000
0000000110000000
1000000000000001
1000000010000000
1000000010000000
1000000010000000
1000000010000001
1000000010000000
1000000010000000
1000000010000000
1000000000000001
1000000010000000
1000000010000000
1000000010000000
1000000010000000
1000000010000000
1000000010000000
1000000010000000
1000000010000000
1000000010000000
1000000010000000
1000000010000000
1000000010000000
1000000010000000
1000000010000000
1000000010000000
1000000010000000
1000000010000000
1000000010000000
1000000010000000
1000000010000000
1000000010000000
1000000010000000
1000000010000000
1000000010000000
1000000010000000
1000000010000000
1000000010000000
1000000010000000
1000000010000000
1000000010000000
1000000010000000
1000000010000000
1000000010000000
1000000010000000
1000000010000000
1000000010000000
1000000010000000
1000000010000000
1000000010000000
1000000010000000
1000000010000000
1000000010000000
1000000010000000
1000000010000000
1000000010000001
1000000010000000
1000000010000000
1000000010000000
1000000000000001
1000000010000000
1000000010000000
1000000010000000
1000000010000001
1000000010000000
1000000010000000
1000000010000000
1000000010000000
1000000010000000
1000000010000000
1000000000000001
1000000010000000
1000000010000000
1000000010000000
1000000010000001
1000000010000000
1000000010000000
1000000010000000
1000000010000000
1000000010000000
1000000000000001
1000000010000000
1000000010000000
1000000010000000
1000000010000001
1000000010000000
1000000010000000
1000000010000000
1000000000000001
1000000010000000
1000000010000000
1000000010000000
1000000010000001
1000000010000000
1000000010000000
1000000010000000
1000000000000001
1000000010000000
1000000010000000
1000000010000000
1000000010000001
1000000010000000
1000000010000000
1000000010000000
1000000000000001
1000000010000000
1000000010000000
1000000010000000
1000000010000001
1000000110000000
1000000010000000
1000000010000000
1000000000000001
0000000110000000
1000000010000000
1000000010000000
1000000010000000
1000000110000000
1000000010000000
1000000010000000
1000000010000001
1000000010000000
1000000000000001
1000000010000000
1000000010000000
0000000110000000
1000000010000000
1000000010000000
1000000010000000
1000000010000000
1000000010000000
1000000010000000
1000000010000000
1000000010000000
1000000010000000
1000000110000001
1000000010000000
1000000010000000
1000000010000000
0000000100000001
1000000010000000
1000000010000000
1000000010000000
1000000010000001
1000000010000000
1000000010000000
1000000010000000
1000000010000000
1000000010000000
1000000010000000
1000000010000000
1000000010000000
1000000010000000
1000000010000000
1000000010000000
1000000010000000
1000000010000000
1000000010000000
1000000010000000
1000000010000000
1000000010000000
1000000010000000
1000000010000000
1000000010000000
1000000010000000
1000000010000000
1000000010000000
1000000010000000
1000000010000000
1000000010000000
1000000000000001
1000000010000000
1000000010000000
1000000010000000
1000000010000001
1000000110000000
1000000010000000
1000000010000000
1000000010000000
0000000110000000
1000000000000001
1000000010000000
1000000010000000
1000000010000000
1000000010000000
1000000010000000
1000000010000000
1000000010000000
1000000010000000
1000000010000000
1000000010000000
1000000110000000
1000000010000001
1000000010000001
1000000000000001
1000000010000000
1000000010000000
0000000100000001
1000000010000000
1000000010000000
1000000010000000
1000000010000001
1000000010000000
1000000010000000
1000000010000000
1000000010000000
1000000010000000
1000000010000000
1000000010000000
1000000010000000
1000000010000000
1000000010000000
1000000010000000
1000000010000000
1000000010000000
1000000010000000
1000000010000000
1000000010000000
1000000010000000
1000000010000000
1000000010000000
1000000010000000
1000000010000000
1000000010000000
1000000000000001
1000000010000000
1000000010000000
1000000010000000
1000000010000001
1000000010000000
1000000010000000
1000000010000000
1000000000000001
1000000010000000
1000000010000000
1000000010000000
1000000010000000
1000000010000000
1000000010000000
1000000010000000
1000000010000001
1000000010000000
1000000010000000
1000000010000000
1000000000000001
1000000010000000
1000000010000000
1000000010000000
1000000010000000
1000000110000001
1000000010000000
1000000010000000
1000000010000000
0000000100000001
1000000010000000
1000000010000000
1000000010000000
1000000110000001
1000000010000000
1000000010000000
1000000010000000
0000000110000000
1000000010000000
1000000010000000
1000000010000000
1000000010000000
1000000010000000
1000000010000000
1000000010000000
1000000010000000
1000000010000000
1000000010000000
1000000010000000
1000000010000000
1000000010000000
1000000010000000
1000000010000000
1000000010000000
1000000010000000
1000000010000000
1000000010000000
1000000010000000
1000000010000000
1000000010000000
1000000000000001
1000000010000000
1000000010000000
1000000010000000
1000000010000001
1000000110000000
1000000010000000
1000000010000000
1000000000000001
0000000110000001
1000000010000000
1000000010000000
1000000010000000
1000000010000000
1000000010000000
1000000010000000
1000000010000000
1000000010000000
1000000010000000
1000000010000000
1000000010000000
1000000010000000
1000000010000000
1000000010000000
1000000010000000
1000000010000000
1000000010000000
1000000010000000
1000000010000000
1000000010000000
1000000010000000
1000000010000000
1000000000000001
1000000010000000
1000000010000000
1000000010000000
1000000010000001
1000000010000000
1000000000000001
1000000010000000
1000000010000000
1000000010000000
1000000010000001
1000000010000000
1000000000000001
1000000010000000
1000000010000000
1000000010000000
1000000010000000
1000000010000000
1000000010000000
1000000010000001
1000000010000000
1000000010000000
1000000010000000
1000000010000000
1000000010000000
1000000010000000
1000000010000000
1000000010000000
1000000010000000
1000000010000000
1000000010000000
1000000010000000
1000000010000000
1000000010000000
1000000010000000
1000000010000000
1000000010000000
1000000010000000
1000000010000000
1000000010000000
1000000010000000
1000000010000000
1000000010000000
1000000010000000
1000000010000000
1000000010000000
1000000010000000
1000000010000000
1000000010000000
1000000010000000
1000000000000001
1000000010000000
1000000010000000
1000000010000000
1000000010000001
1000000110000000
1000000010000000
1000000010000001
1000000000000001
0000000110000000
1000000010000000
1000000000000001
1000000010000000
1000000010000001
1000000010000000
1000000010000000
1000000010000000
1000000010000000
1000000010000000
1000000010000000
1000000010000000
1000000010000000
1000000010000000
1000000010000000
1000000010000000
1000000010000000
1000000010000000
1000000010000000
1000000010000000
1000000010000000
1000000000000001
1000000010000000
1000000010000000
1000000010000000
1000000010000001
1000000010000000
1000000010000000
1000000010000000
1000000000000001
1000000010000000
1000000010000000
1000000010000000
1000000010000000
1000000010000001
1000000010000000
1000000010000000
1000000010000000
1000000000000001
1000000010000000
1000000010000001
1000000010000000
1000000110000000
1000000010000000
0000000110000000
1000000010000000
1000000010000000
1000000010000000
1000000010000000
1000000010000000
1000000010000000
1000000010000000
1000000010000000
1000000010000000
1000000010000000
1000000010000000
1000000010000000
1000000010000000
1000000010000000
1000000010000000
1000000010000000
1000000010000000
1000000010000000
1000000000000001
1000000010000000
1000000010000000
1000000010000000
1000000010000001
1000000110000001
1000000010000000
1000000010000000
1000000000000001
0000000100000001
1000000010000000
1000000010000001
1000000010000000
1000000010000000
1000000010000000
1000000010000000
1000000010000000
1000000010000000
1000000010000000
1000000010000000
1000000010000000
1000000010000000
1000000010000000
1000000010000000
1000000010000000
1000000010000000
1000000000000001
1000000010000000
1000000010000000
1000000010000000
1000000010000001
1000000010000000
1000000010000000
1000000010000000
1000000000000001
1000000010000000
1000000010000000
1000000010000000
1000000010000000
1000000010000001
1000000010000000
1000000010000000
1000000010000000
1000000010000000
1000000010000000
1000000010000000
1000000010000000
1000000010000000
1000000010000000
1000000010000000
1000000010000000
1000000010000000
1000000010000000
1000000010000000
1000000010000000
1000000010000000
1000000010000000
1000000010000000
1000000010000000
1000000010000000
1000000000000001
1000000010000000
1000000010000000
1000000010000000
1000000010000001
1000000010000000
1000000010000000
1000000010000000
1000000000000001
1000000010000000
1000000010000000
1000000010000000
1000000010000000
1000000110000001
1000000010000000
1000000010000000
1000000010000000
0000000110000000
1000000010000000
1000000010000000
1000000010000000
1000000010000000
1000000010000000
1000000010000000
1000000010000000
1000000010000000
1000000010000000
1000000010000000
1000000010000000
1000000010000000
1000000010000000
1000000010000000
1000000010000000
1000000010000000
1000000010000000
1000000010000000
1000000000000001
1000000010000000
1000000010000000
1000000010000000
1000000010000001
1000000110000000
1000000010000000
1000000010000000
1000000000000001
0000000110000000
1000000010000000
1000000010000001
1000000010000000
1000000110000000
1000000010000000
0000000110000000
1000000010000000
1000000010000000
1000000010000000
1000000010000000
1000000010000000
1000000010000000
1000000010000000
1000000010000000
1000000010000000
1000000010000000
1000000010000000
1000000010000000
1000000010000000
1000000010000000
1000000000000001
1000000010000000
1000000010000000
1000000010000000
1000000010000001
1000000010000000
1000000010000000
1000000010000000
1000000000000001
1000000010000000
1000000010000000
1000000010000001
1000000010000000
1000000110000000
1000000010000000
0000000110000000
1000000010000000
1000000010000000
1000000010000000
1000000010000000
0000011010000000
1000000010000000
1000000010000000
1000000010000000
1000000010000000
1000000010000000
1000000010000000
1000000010000000
1000000010000000
1000000010000000
1000000000000001
1000000010000000
1000000010000000
1000000010000000
1000000010000001
1000000010000000
1000000010000000
1000000010000000
1000000000000001
1000000010000000
1000000010000000
1000000010000000
1000000010000000
1000000110000001
1000000010000000
1000000010000000
1000000010000000
0000000110000000
1000000010000000
1000000010000000
1000000010000000
1000000010000000
0000100110000000
1000000010000000
1000100110000000
1000000010000000
1000100110000000
1000000010000000
1000100110000000
1000000010000000
0000100110000000
1000000010000000
0000100010000000
1000000010000000
1000100000000001
1000000010000000
0000011110000000
1000000010000000
0000011110000001
1000000010000000
1000011010000000
1000000110000000
1000011000000001
0000000110000000
0000010110000000
1000000010000001
0000010110000000
1000000110000000
1000010010000000
0000000110000000
1000010010000000
1000000010000000
0000001110000000
1000000010000000
0000001110000000
1000000010000000
1000001010000000
1000000010000000
1000001010000000
1000000010000000
0000000110000000
1000000010000000
0000000110000000
1000000010000000
0000000100000001
1000000010000000
1000000010000000
1000000010000000
1000000010000001
1000000010000000
1000000000000001
1000000010000000
1000000010000000
1000000010000001
1000000010000000
1000000110000000
1000000010000000
0000000110000000
0000000110000000
1000000010000000
0000000110000000
1000000010000000
1000001010000000
1000000010000000
1000001010000000
1000000010000000
0000001110000000
1000000010000000
0000001110000000
1000000010000000
1000010010000000
1000000010000000
1000010000000001
1000000010000000
0000010110000000
1000000010000000
0000010110000001
1000000110000000
1000011010000000
1000000010000000
1000011000000001
0000000110000000
0000011110000000
1000000010000001
0000011110000000
1000000110000000
1000100010000000
0000000110000000
0000100010000000
1000000010000000
0000100110000000
1000000010000000
1000100110000000
1000000010000000
1000100110000000
1000000010000000
1000100110000000
1000000010000000
0000100100000001
1000000010000000
0000001010000000
1000000010000000
1000000110000000
1000000010000001
1000000010000000
1000000010000000
1000000010000000
1000000010000000
1000000010000000
1000000010000000
1000000010000000
1000000010000000
1000000010000000
1000000010000000
1000000110000000
1000000010000000
0000000110000000
1000000010000000
1000001010000000
1000000010000000
1000001010000000
1000000010000000
0000001100000001
1000000010000000
1000010010000000
1000000010000000
1000001110000001
1000000110000000
1000010000000001
1000000010000001
0000010110000000
0000000110000000
1000011010000000
1000000010000000
1000010110000000
1000000010000000
1000011010000000
1000000010000000
0000011100000001
1000000010000000
1000100010000000
1000000010000000
1000011110000001
1000000110000000
1000100010000000
1000000010000000
0000100100000001
0000000110000000
0000100110000000
1000000010000000
0000100110000000
1000000110000001
0000100110000000
1000000010000000
0000000110000000
0000000110000000
0000001110000000
1000000010000000
1000000010000000
1000000010000000
1000000010000000
1000000010000000
1000000010000000
1000000010000000
1000000010000000
1000000010000000
1000000000000001
1000000010000000
1000000010000000
1000000010000001
1000100110000001
1000000110000000
0000000100000001
0000000100000001
1000100110000000
1000000010000000
1000000110000000
1000000010000001
0000100110000000
1000000010000000
1000001010000000
1000000010000000
1000100110000000
1000000010000000
0000001110000000
1000000010000000
0000100100000001
1000000010000000
1000010010000000
1000000010000000
1000100010000001
1000000110000001
1000001010000000
1000000010000000
1000001100000001
0000000100000001
0000100010000000
1000000010000001
0000010010000000
1000000010000000
1000011100000001
1000000010000000
1000010110000001
1000000010000000
0000011010000000
1000000110000000
1000010110000000
0000000110000000
1000011000000001
1000000010000000
1000011110000000
1000000010000000
0000000110000000
1000000110000001
0000100110000000
1000000010000000
0000001010000000
0000000110000000
0000100110000000
1000000010000000
0000001110000000
1000000010000000
0000100110000000
1000000010000000
0000010010000000
1000000010000000
1000000000000001
1000000010000000
1000000010000000
1000000010000000
1000000010000001
1000000110000001
1000000010000000
1000000010000000
1000000000000001
0000000100000001
1000000010000000
1000000010000000
1000000010000000
1000000010000001
1000000010000000
1000000010000000
1000000010000000
1000000010000000
1000000010000000
1000000010000000
1000000010000000
1000000010000000
1000000000000001
1000000010000000
1000000010000000
1000000010000001
1000000010000001
1000000110000000
1000000000000001
1000000000000001
1000000010000000
0000000110000001
1000000010000000
1000000110000000
1000000010000000
0000000110000000
1000000010000000
1000000010000000
1000000000000001
1000000010000000
1000000010000000
1000000010000000
1000000010000001
1000000110000000
1000000010000000
1000000010000000
1000000000000001
1000000010000001
1000000010000000
0000000110000000
1000000010000000
1000000010000000
1000000010000000
1000000010000000
1000000010000000
1000000010000000
1000000010000000
1000000010000000
1000000000000001
1000000010000000
1000000010000000
1000000010000000
1000000010000001
1000000010000000
1000000000000001
1000000110000001
1000000010000000
1000000010000000
1000000010000000
0000000110000000
1000000010000000
1000000000000001
1000000010000000
1000000010000000
1000000010000000
1000000010000001
1000000010000000
1000000110000000
1000000010000000
1000000010000000
1000000000000001
0000000110000000
1000000010000000
1000000010000000
1000000010000001
1000000110000000
1000000010000000
1000000010000001
1000000000000001
1000000010000000
1000000010000000
0000000110000000
1000000010000000
1000000010000000
1000000010000000
1000000010000000
1000000010000000
1000000010000000
1000000000000001
1000000010000000
1000000010000000
1000000010000000
1000000010000000
1000000010000000
1000000010000000
1000000010000001
1000000010000000
1000000110000000
1000000010000000
1000000010000000
1000000010000000
0000000110000000
1000000010000000
1000000010000000
1000000010000000
1000000010000000
1000000000000001
1000000010000000
1000000010000000
1000000010000000
1000000010000000
1000000010000000
1000000010000000
1000000110000000
1000000010000000
1000000010000001
1000000010000000
1000000010000000
1000000010000000
1000000010000000
1000000010000000
1000000010000000
1000000010000000
1000000010000000
1000000010000000
0000000110000000
1000000000000001
1000000010000000
1000000010000000
1000000010000000
1000000010000000
1000000110000000
1000000010000000
1000000010000001
1000000010000000
1000000010000000
1000000010000000
1000000010000000
1000000010000000
1000000010000000
1000000010000000
0000000110000000
1000000010000000
1000000010000000
1000000000000001
1000000010000000
1000000010000000
1000000010000000
1000000010000000
1000000010000000
1000000010000000
1000000010000001
1000000010000000
1000000110000000
1000000010000000
1000000010000000
1000000010000000
1000000010000000
1000000010000000
0000000110000000
1000000000000001
1000000010000000
1000000010000000
1000000010000000
1000000010000000
1000000110000000
1000000010000000
1000000010000001
1000000010000000
1000000010000000
1000000010000000
1000000010000000
1000000010000000
1000000010000000
1000000000000001
0000000110000000
1000000010000000
1000000010000000
1000000010000000
1000000110000000
1000000010000000
1000000010000000
1000000010000000
1000000010000001
1000000010000000
1000000010000000
1000000010000000
1000000010000000
1000000010000000
1000000010000000
1000000010000000
1000000010000000
1000000000000001
0000000110000000
1000000010000000
1000000010000000
1000000010000000
1000000110000000
1000000010000000
1000000010000001
1000000010000000
1000000010000000
1000000010000000
1000000010000000
1000000010000000
1000000010000000
1000000010000000
0000000110000000
1000000000000001
1000000010000000
1000000010000000
1000000010000000
1000000010000000
1000000110000000
1000000010000000
1000000010000001
1000000010000000
1000000010000000
1000000010000000
1000000010000000
1000000010000000
1000000010000000
1000000000000001
0000000110000000
1000000010000000
1000000010000000
1000000010000000
1000000110000000
1000000010000000
1000000010000000
1000000010000000
1000000010000001
1000000010000000
1000000010000000
1000000010000000
1000000010000000
1000000010000000
1000000010000000
1000000010000000
1000000010000000
1000000000000001
1000000010000000
1000000010000000
0000000110000000
1000000010000000
1000000110000000
1000000010000000
1000000010000001
1000000010000000
1000000010000000
1000000010000000
1000000010000000
1000000010000000
1000000010000000
1000000010000000
0000000110000000
1000000000000001
1000000010000000
1000000010000000
1000000010000000
1000000010000000
1000000110000001
1000000010000000
1000000010000000
1000000010000000
1000000010000000
1000000010000000
1000000010000000
1000000010000000
0000000110000000
1000000000000001
1000000010000000
1000000010000000
1000000010000000
1000000010000000
1000000110000000
1000000010000000
1000000010000001
1000000010000000
1000000010000000
1000000010000000
1000000010000000
1000000010000000
1000000010000000
1000000010000000
0000000110000000
1000000000000001
1000000010000000
1000000010000000
1000000010000000
1000000010000000
1000000110000000
1000000010000000
1000000010000001
1000000010000000
1000000010000000
1000000010000000
1000000010000000
1000000010000000
1000000010000000
1000000010000000
0000000110000000
1000000000000001
1000000010000000
1000000010000000
1000000010000000
1000000010000000
1000000110000000
1000000010000000
1000000010000001
1000000010000000
1000000010000000
1000000010000000
1000000010000000
1000000010000000
1000000010000000
1000000010000000
1000000010000000
1000000010000000
1000000010000000
1000000000000001
0000000110000000
1000000010000000
1000000010000000
1000000010000000
1000000110000001
1000000010000000
1000000010000000
1000000010000000
1000000010000000
1000000010000000
1000000010000000
1000000010000000
0000000110000000
1000000000000001
1000000010000000
1000000010000000
1000000010000000
1000000010000000
1000000110000000
1000000010000000
1000000010000000
1000000010000000
1000000010000001
1000000010000000
1000000010000000
1000000010000000
1000000010000000
1000000010000000
1000000010000000
1000000010000000
1000000010000000
1000000000000001
1000000010000000
1000000010000000
1000000010000000
1000000010000000
1000000010000000
1000000010000000
1000000010000001
1000000010000000
1000000010000000
1000000010000000
1000000010000000
1000000010000000
1000000010000000
1000000010000000
1000000010000000
1000000010000000
1000000010000000
1000000000000001
1000000010000000
1000000010000000
0000000110000000
1000000010000000
1000000110000000
1000000010000000
1000000010000001
1000000010000000
1000000010000000
1000000010000000
1000000010000000
1000000010000000
1000000010000000
1000000000000001
0000000110000000
1000000010000000
1000000110000000
1000000010000001
1000000010000000
1000000010000000
1000000010000000
1000000000000001
1000000010000001
1000000010000000
1000000010000000
1000000010000000
1000000010000000
1000000010000000
1000000010000000
1000000000000001
0000000110000000
1000000010000000
1000000010000000
1000000010000001
1000000110000000
1000000010000000
1000000010000000
1000000000000001
1000000010000000
1000000010000000
1000000010000001
1000000010000000
1000000010000000
1000000010000000
1000000010000000
1000000010000000
1000000010000000
1000000000000001
0000000110000000
1000000010000000
1000000110000000
1000000010000001
1000000010000000
1000000010000000
1000000010000000
1000000000000001
1000000010000001
1000000010000000
1000000010000000
1000000010000000
1000000010000000
1000000010000000
1000000010000000
1000000000000001
0000000110000000
1000000010000000
1000000010000000
1000000010000001
1000000110000000
1000000010000000
1000000010000000
1000000000000001
1000000010000000
1000000010000000
1000000010000001
1000000010000000
1000000010000000
1000000010000000
1000000010000000
1000000010000000
1000000010000000
1000000000000001
0000000110000000
1000000010000000
1000000010000000
1000000010000001
1000000110000000
1000000010000000
1000000010000000
1000000000000001
1000000010000000
1000000010000000
1000000010000000
1000000010000001
1000000010000001
1000000000000001
1000000010000000
1000000010000000
1000000010000000
1000000010000000
1000000010000000
1000000000000001
0000000110000000
1000000010000000
1000000110000000
1000000010000001
1000000010000000
1000000010000000
1000000010000000
1000000000000001
1000000010000000
1000000010000000
1000000010000000
1000000010000001
1000000010000001
1000000000000001
1000000010000000
1000000010000000
1000000010000000
1000000010000000
1000000010000000
1000000000000001
0000000110000000
1000000010000000
1000000110000000
1000000010000001
1000000010000000
1000000010000000
1000000010000000
1000000000000001
1000000010000000
1000000010000000
1000000010000000
1000000010000000
1000000010000001
1000000010000000
1000000010000000
1000000010000000
1000000010000000
1000000010000000
1000000010000000
1000000010000000
1000000010000000
1000000000000001
0000000110000000
1000000010000000
1000000010000000
1000000010000000
1000000110000000
1000000010000000
1000000010000000
1000000010000000
1000000010000000
1000000010000000
1000000010000001
1000000010000000
1000000010000000
1000000010000000
1000000010000000
1000000010000000
1000000010000000
1000000000000001
1000000010000000
1000000010000000
1000000010000000
1000000010000000
1000000010000000
1000000010000000
1000000010000000
1000000010000000
1000000010000000
1000000010000000
1000000010000001
1000000010000000
1000000010000000
1000000010000000
1000000010000000
1000000010000000
1000000010000000
1000000000000001
1000000010000000
1000000010000000
1000000010000000
1000000010000000
1000000010000000
1000000010000000
1000000010000000
1000000010000000
1000000010000000
1000000010000000
1000000010000001
1000000010000000
1000000010000000
1000000010000000
1000000010000000
1000000010000000
1000000010000000
1000000010000000
1000000010000000
1000000010000000
1000000010000000
1000000000000001
0000000110000000
1000000010000000
1000000010000000
1000000010000001
1000000110000000
1000000000000001
1000000010000000
1000000010000000
1000000010000000
1000000010000000
1000000010000000
1000000010000000
1000000010000000
1000000010000000
1000000010000000
1000000010000000
1000000010000001
1000000010000000
1000000010000000
1000000010000000
1000000010000000
1000000010000000
1000000010000000
1000000010000000
1000000010000000
1000000010000000
1000000010000000
1000000010000000
0000000110000000
1000000010000000
1000000010000000
1000000000000001
1000000010000000
1000000010000000
1000000010000000
1000000010000001
1000000110000000
1000000010000000
1000000010000000
1000000000000001
0000000110000000
1000000010000000
1000000010000000
1000000010000000
1000000110000000
1000000010000000
1000000010000000
1000000010000001
1000000010000000
1000000010000000
1000000010000000
1000000000000001
1000000010000000
1000000010000000
1000000010000000
1000000010000000
1000000010000000
1000000010000000
1000000010000000
1000000010000000
1000000010000000
1000000010000000
1000000010000000
1000000010000001
1000000010000000
1000000010000000
1000000010000000
1000000000000001
1000000010000000
1000000010000000
1000000010000000
1000000010000000
1000000010000000
1000000010000000
1000000010000001
1000000010000000
1000000010000000
1000000010000000
1000000000000001
1000000010000000
1000000010000000
1000000010000000
1000000010000000
1000000010000000
1000000010000000
1000000010000001
1000000010000000
1000000010000000
1000000010000000
1000000000000001
1000000010000001
1000000010000000
1000000010000000
1000000010000000
1000000010000000
1000000010000000
1000000010000000
1000000010000000
1000000010000000
1000000010000000
1000000010000000
1000000010000000
1000000010000000
1000000010000000
1000000010000000
1000000010000000
1000000010000000
1000000010000000
1000000010000000
1000000010000000
0000000110000000
1000000010000000
1000000010000000
1000000010000000
1000000010000000
1000000010000000
1000000010000000
1000000000000001
1000000010000000
1000000010000000
1000000010000000
1000000010000001
1000000110000000
1000000010000000
1000000010000000
1000000010000000
0000000110000000
1000000010000000
1000000000000001
1000000010000000
1000000010000000
1000000010000000
1000000110000001
1000000010000000
1000000010000000
1000000010000000
0000000110000000
1000000010000000
1000000010000000
1000000010000000
1000000010000000
1000000010000000
1000000000000001
1000000010000000
1000000010000000
1000000010000000
1000000010000001
1000000010000000
1000000110000000
1000000010000000
0000000100000001
1000000010000000
1000000010000000
1000000010000000
1000000110000000
1000000010000000
1000000010000000
1000000010000000
1000000010000000
1000000010000000
1000000010000000
1000000010000000
1000000010000000
1000000010000000
1000000010000000
1000000010000000
1000000010000000
1000000010000000
1000000010000000
1000000010000000
1000000010000000
1000000010000000
1000000010000000
1000000010000000
1000000010000000
1000000010000000
1000000010000000
1000000010000000
1000000010000000
1000000010000000
1000000010000000
1000000010000001
1000000010000000
1000000010000000
1000000010000000
1000000000000001
1000000010000000
1000000010000000
1000000010000000
1000000010000001
1000000010000000
1000000010000000
1000000010000000
1000000010000000
1000000010000000
1000000000000001
1000000010000000
1000000010000000
1000000010000000
1000000010000001
1000000010000000
1000000010000000
1000000010000000
1000000010000000
1000000010000000
1000000000000001
1000000010000000
1000000010000000
1000000010000000
1000000010000001
1000000010000000
1000000010000000
1000000010000000
1000000010000000
1000000010000000
1000000000000001
1000000010000000
1000000010000000
1000000010000000
1000000010000001
1000000010000000
1000000010000000
1000000010000000
1000000000000001
1000000010000000
1000000010000000
1000000010000000
1000000010000001
1000000010000000
1000000010000000
1000000010000000
1000000010000000
1000000010000000
1000000000000001
1000000010000000
1000000010000000
1000000010000000
1000000010000001
1000000010000000
1000000010000000
1000000010000000
1000000010000000
1000000010000000
1000000000000001
1000000010000000
1000000010000000
1000000010000000
1000000010000001
1000000010000000
1000000010000000
1000000010000000
1000000000000001
1000000010000000
1000000010000000
1000000010000000
1000000010000001
1000000010000000
1000000010000000
1000000010000000
1000000000000001
1000000010000000
1000000010000000
1000000010000000
1000000010000001
1000000010000000
1000000010000000
1000000010000000
1000000000000001
1000000010000000
1000000010000000
1000000010000000
1000000010000001
1000000010000000
1000000010000000
1000000010000000
1000000000000001
1000000010000000
1000000010000000
1000000010000000
1000000010000001
1000000010000000
1000000010000000
1000000010000000
1000000000000001
1000000010000000
1000000010000000
1000000010000000
1000000010000001
1000000010000000
1000000010000000
1000000010000000
1000000000000001
0000000110000000
1000000010000000
1000000010000000
1000000010000001
1000000110000000
1000000010000000
1000000010000000
1000000010000000
1000000010000000
1000000010000000
0000000110000000
1000000000000001
1000000010000000
1000000010000000
1000000000000001
1000000010000001
1000000010000000
1000000010000000
1000000110000000
1000000010000000
1000000010000000
1000000010000000
1000000010000001
1000000010000000
1000000000000001
1000000010000000
1000000010000000
1000000010000000
1000000010000000
1000000010000000
1000000010000000
1000000010000000
1000000010000000
1000000010000000
1000000010000000
1000000010000000
1000000010000000
1000000010000000
1000000010000000
1000000010000000
1000000010000000
1000000010000000
1000000010000000
1000000010000000
1000000010000000
1000000010000000
1000000010000000
1000000010000000
1000000010000000
1000000010000001
1000000010000000
1000000010000000
1000000010000000
1000000000000001
1000000010000000
1000000010000000
1000000010000000
1000000010000001
1000000010000000
1000000010000000
1000000010000000
1000000000000001
1000000010000000
1000000010000000
1000000010000000
1000000010000001
1000000010000000
1000000010000000
1000000010000000
1000000010000000
1000000010000000
1000000010000000
1000000010000000
1000000000000001
1000000010000000
1000000010000000
1000000010000000
1000000010000001
1000000010000000
1000000010000000
1000000010000000
1000000000000001
1000000010000000
1000000010000000
1000000010000000
1000000010000001
1000000010000000
1000000010000000
1000000010000000
1000000000000001
1000000010000000
1000000010000000
1000000010000000
1000000010000001
1000000010000000
1000000010000000
1000000010000000
1000000000000001
1000000010000000
1000000010000000
1000000010000000
1000000010000001
1000000010000000
1000000010000000
1000000010000000
1000000010000000
1000000010000000
1000000000000001
1000000010000000
1000000010000000
0000000110000000
1000000010000001
1000000110000000
1000000010000000
1000000010000000
1000000010000000
1000000010000000
1000000000000001
0000000110000000
1000000010000000
1000000000000001
1000000010000001
1000000110000000
1000000010000000
1000000010000001
1000000010000000
1000000010000000
1000000010000000
1000000000000001
1000000010000000
1000000010000000
1000000010000000
1000000010000000
1000000010000000
1000000010000000
1000000010000000
1000000010000000
1000000010000000
1000000010000000
1000000010000000
1000000010000000
1000000010000000
1000000010000000
1000000010000000
1000000010000000
1000000010000000
1000000010000000
1000000010000000
1000000010000000
1000000010000000
1000000010000000
1000000010000000
1000000010000000
1000000010000000
1000000010000000
1000000010000000
1000000010000000
1000000010000000
1000000010000000
1000000010000000
1000000010000000
1000000010000001
1000000010000000
1000000010000000
1000000010000000
1000000000000001
1000000010000000
1000000010000000
1000000010000000
1000000010000001
1000000010000000
1000000010000000
1000000010000000
1000000000000001
1000000010000000
1000000010000000
1000000110000000
1000000010000001
1000000010000000
0000000110000000
1000000110000000
1000000010000000
0000000110000000
0000010110000000
1000011010000000
0000001000000001
1000000110000000
0000010010000000
1000010110000000
0000001010000001
1000001010000000
0000010010000000
1000010010000000
0000001110000000
1000001010000000
0000001100000001
1000001110000000
0000001110000000
1000001110000000
0000001110000001
1000001110000000
0000001110000000
1000001110000000
0000001110000000
1000001010000000
0000001000000001
1000001110000000
0000001110000000
1000001110000000
0000001010000001
1000001010000000
0000001110000000
1000001010000000
0000001000000001
1000001010000000
0000001010000000
1000001110000000
0000001010000001
1000001010000000
0000001110000000
1000001000000001
0000001010000000
1000001010000000
0000000110000000
1000001010000001
0000001010000000
1000000110000000
0000001000000001
1000001000000001
0000001010000000
1000001010000000
0000000110000001
1000001010000000
0000001010000000
1000000110000000
0000000110000000
1000001010000000
0000001010000000
1000000110000000
0000000110000000
1000000110000000
0000001010000000
1000001010000000
0000000110000000
1000000110000000
0000001010000000
1000001010000000
0000000110000000
1000000110000000
0000000110000000
1000000110000000
0000000110000000
1000000110000000
0000000110000000
1000001010000000
0000001010000000
1000000110000000
0000000110000001
1000000110000000
0000000110000000
1000000010000000
0000000100000001
1000000110000000
1000000010000000
1000001010000000
0000000110000001
1000000010000000
0000000110000000
1000000110000000
0000000100000001
1000000110000000
0000000110000000
1000000110000000
0000000110000001
1000000010000000
1000000010000000
1000000110000000
0000000110000000
1000000110000000
0000000110000000
1000000010000000
1000000000000001
1000000110000000
0000000110000000
1000000110000000
0000000110000001
1000000010000000
1000000010000000
1000000110000000
0000000110000000
1000000110000000
0000000100000001
1000000110000000
1000000010000000
1000000010000000
0000000110000001
1000000110000000
0000000110000000
1000000010000000
1000000000000001
1000000110000000
0000000110000000
1000000010000000
1000000010000001
1000000110000000
0000000110000000
1000000110000000
1000000000000001
1000000010000000
1000000010000000
1000000010000000
0000000110000001
1000000110000000
0000000110000000
1000000010000000
1000000000000001
1000000110000000
1000000010000000
1000000010000000
0000000110000001
1000000010000000
1000000010000000
1000000110000000
0000000110000000
1000000010000000
1000000000000001
1000000110000000
0000000110000000
1000000010000000
1000000010000001
1000000110000000
1000000010000000
1000000010000000
0000000100000001
1000000000000001
1000000010000000
1000000110000000
1000000010000001
1000000010000001
0000000110000000
1000000010000000
1000000010000000
1000000100000001
1000000010000000
1000000010000000
0000000110000000
1000000010000001
1000000010000000
1000000100000001
1000000010000000
1000000010000000
1000000010000000
1000000010000000
0000000110000000
1000000010000000
1000000010000000
1000000110000000
1000000010000000
1000000010000000
1000000010000000
1000000010000000
0000000110000000
1000000110000000
1000000010000000
1000000010000000
1000000010000000
1000000010000000
1000000010000000
1000000010000000
1000000010000000
1000000110000000
0000000110000000
1000000010000000
1000000010000000
1000000010000000
1000000010000000
1000000010000000
1000000010000000
1000000010000000
1000000010000000
1000000010000000
0000000110000000
1000000110000000
1000000010000000
1000000010000000
1000000010000000
1000000010000000
1000000010000000
1000000010000000
1000000010000000
1000000010000000
1000000010000000
1000000110000000
0000000110000000
1000000010000000
1000000010000000
1000000010000000
1000000010000000
1000000010000000
1000000010000000
1000000010000000
1000000010000000
1000000010000000
1000000010000000
1000000110000000
1000000010000001
1000000010000000
1000000010000000
1000000010000000
0000000100000001
1000000010000000
1000000010000000
1000000010000000
1000000010000000
1000000010000000
1000000010000001
1000000010000000
1000000010000000
1000000010000000
1000000000000001
1000000010000000
1000000010000000
1000000110000000
1000000010000001
1000000010000000
1000000010000000
1000000010000000
1000000000000001
1000000010000000
0000000110000000
1000000010000000
1000000010000001
1000000010000000
1000000010000000
1000000010000000
1000000000000001
1000000010000000
1000000010000000
1000000010000000
1000000010000001
1000000010000000
1000000010000000
1000000110000000
1000000000000001
1000000010000000
1000000010000000
0000000110000000
1000000010000001
1000000010000000
1000000010000000
1000000110000000
1000000000000001
1000000010000000
1000000010000000
1000000010000000
1000000010000001
1000000010000000
1000000010000000
0000000110000000
0000000100000001
1000000010000000
1000000010000000
1000000110000000
1000000010000000
1000000010000000
1000000010000000
1000000010000000
1000000010000001
1000000010000000
1000000010000000
1000000010000000
1000000000000001
1000000010000000
1000000010000000
1000000010000000
1000000010000001
1000000010000000
1000000010000000
1000000010000000
1000000000000001
1000000010000000
1000000010000000
1000000110000000
1000000010000000
1000000010000000
1000000010000000
0000000110000000
1000000010000001
1000000000000001
1000000010000000
1000000110000000
1000000010000000
1000000010000001
1000000010000000
0000000110000000
1000000000000001
1000000010000000
1000000010000000
1000000110000000
1000000010000001
1000000000000001
1000000010000000
1000000010000000
1000000010000000
1000000010000001
1000000010000000
0000000110000000
1000000000000001
1000000000000001
1000000010000001
1000000110000000
1000000010000000
1000000010000000
1000000010000000
1000000010000000
1000000010000000
1000000010000001
1000000010000000
0000000110000000
1000000010000000
1000000000000001
1000000010000000
1000000110000000
1000000010000000
1000000010000000
1000000010000000
1000000010000000
1000000010000000
1000000010000000
1000000010000000
0000000110000000
1000000010000000
1000000010000001
1000000010000000
1000000110000000
1000000010000000
1000000000000001
1000000010000000
0000000110000000
1000000010000000
1000000010000000
1000000010000000
1000000010000000
1000000010000000
1000000010000000
1000000010000000
1000000110000000
1000000010000000
1000000010000001
1000000010000000
0000000110000000
1000000010000000
1000000000000001
1000000010000000
1000000010000000
1000000010000000
1000000010000000
1000000010000000
1000000010000000
1000000010000000
1000000010000001
1000000010000000
1000000010000000
1000000010000000
1000000000000001
1000000010000000
1000000010000000
1000000010000000
1000000010000000
1000000010000000
1000000010000000
1000000010000000
1000000010000001
1000000010000000
1000000010000000
1000000010000000
1000000000000001
1000000010000000
1000000010000000
1000000010000000
1000000010000000
1000000010000000
1000000010000001
1000000010000000
1000000010000000
1000000010000000
1000000000000001
1000000010000000
1000000010000000
1000000010000000
1000000010000000
1000000010000000
1000000010000001
1000000010000000
1000000010000000
1000000010000000
0000000100000001
1000000010000000
1000000010000000
1000000010000000
1000000110000000
1000000010000000
1000000010000000
1000000010000000
1000000010000001
1000000010000001
0000000110000000
1000000100000001
1000000000000001
1000000010000000
1000000110000000
0000000110000000
0000000110000001
1000000110000000
1000000010000000
1000000010000000
1000000000000001
1000000010000000
1000000010000000
1000000010000000
1000000010000000
1000000010000000
1000000010000000
1000000010000000
1000000010000001
1000000010000000
1000000010000000
1000000010000000
1000000000000001
1000000010000000
1000000010000000
1000000010000000
1000000010000000
1000000010000000
1000000010000001
1000000010000001
1000000010000000
1000000000000001
1000000000000001
1000000010000000
1000000010000000
1000000010000000
0000000110000000
1000000010000000
1000000110000001
1000000010000000
1000000010000000
1000000010000000
1000000000000001
1000000010000000
1000000010000000
1000000010000000
1000000010000001
1000000010000000
1000000010000000
1000000010000000
1000000000000001
1000000010000000
1000000010000000
1000000010000000
0000000110000000
1000000010000000
1000000010000000
1000000010000000
1000000110000001
1000000010000000
1000000010000000
1000000010000000
0000000100000001
1000000110000000
1000000010000000
1000000010000000
1000000010000001
1000000010000000
1000000010000000
1000000010000000
1000000000000001
1000000010000000
1000000010000000
1000000010000000
1000000010000000
1000000010000000
1000000010000000
1000000010000000
1000000010000001
1000000010000000
1000000010000000
1000000010000000
1000000000000001
1000000010000000
1000000010000000
1000000010000000
0000000110000001
1000000010000000
1000000010000000
1000000010000000
1000000100000001
1000000010000000
1000000010000000
1000000010000000
0000000110000000
1000000010000000
1000000010000000
1000000000001001
1000000110001001
1000000010000010
1000000000000001
1000000000001001
1000000010001001
1000000010000001
1000000000000001
1000000000000110
1000000010000110
1000000110000000
0000000110000000
1000000010000000
1000000010000000
0000000110000000
1000000010000000
1000000010000000
1000000010000000
1000000000000001
1000000110000000
1000000110000000
1000000010000000
1000000010000000
0000000110000000
1000000010000000
1000000010000000
1000000010000000
1000000010000000
1000000010000000
1000000010000000
1000000010000000
1000000010000000
1000000010000000
1000000010000000
1000000010000000
1000000010000000
1000000010000000
1000000010000000
1000000010000000
1000000010000000
1000000010000000
1000000010000000
1000000000000001
1000000010000000
1000000010000001
1000000010000000
1000000010000000
1000000010000000
1000000010000000
0000000110000000
1000000000000001
1000000010000000
1000000010000000
1000000110000000
1000000010000000
1000000010000000
1000000110000001
1000000010000000
1000000000000001
1000000010000000
1000000010000001
1000000010000000
1000000010000000
1000000010000000
1000000010000000
0000000110000000
1000000000000001
1000000010000000
1000000010000001
1000000010000000
1000000000000001
1000000010000001
1000000010000001
1000000010000000
1000000010000000
1000000010000000
1000000010000000
1000000000000001
1000000010000000
1000000010000001
1000000010000000
1000000000000001
1000000010000000
1000000010000001
1000000010000000
1000000010000000
1000000010000000
1000000010000000
1000000100000001
0000000110000000
1000000010000001
1000000010000000
1000000010000000
1000000010000000
1000000010000000
1000000010000000
1000000010000000
1000000010000000
1000000010000000
1000000010000000
1000000010000000
1000000010000000
1000000010000000
1000000010000000
1000000000000001
1000000010000000
1000000010000001
1000000010000000
1000000000000001
1000000010000000
1000000010000001
1000000010000000
1000000010000000
1000000010000000
1000000010000000
1000000010000000
1000000010000000
1000000010000000
1000000010000000
1000000010000000
1000000010000000
1000000010000000
1000000110000000
0000000110000000
1000000010000000
1000000010000000
1000000000000001
1000000010000000
1000000010000000
1000000010000000
1000000010000000
1000000010000000
1000000010000000
1000000010000000
1000000010000000
1000000010000000
1000000010000000
1000000010000000
1000000010000000
1000000010000000
1000000000001001
1000000010000000
1000000010001001
1000000010000000
1000000010001001
1000000010000000
1000000010001001
1000000010000000
1000000100001001
1000000010000000
1000000000001000
0000000110000000
1000000010001000
1000000010000000
1000000000000111
1000000010000000
1000000000000111
1000000010000000
1000000010000110
1000000010000000
1000000010000110
1000000010000000
1000000000000101
1000000010000000
1000000000000101
1000000010000000
1000000010000100
1000000010000000
1000000010000100
1000000010000000
1000000000000011
1000000010000000
1000000100000011
1000000010000000
1000000010000010
1000000010000000
1000000010000010
0000000110000000
1000000000000001
1000000010000000
1000000000000001
1000000010000000
1000000000000001
1000000010000000
1000000010000000
1000000010000000
1000000010000000
1000000010000000
1000000010000000
1000000010000000
1000000010000000
1000000010000000
1000000110000000
1000000010000000
1000000010000000
1000000010000000
1000000000000001
1000000010000000
1000000000000001
1000000010000000
1000000010000010
1000000010000000
1000000010000010
0000000110000000
1000000000000011
1000000010000000
1000000000000011
1000000010000000
1000000010000100
1000000010000000
1000000010000100
1000000010000000
1000000100000101
1000000010000000
1000000000000101
1000000010000000
1000000010000110
1000000010000000
1000000010000110
1000000010000000
1000000000000111
1000000010000000
1000000000000111
1000000010000000
1000000010001000
0000000110000000
1000000000001000
1000000010000000
1000000000001001
1000000010000000
1000000110001001
1000000010000000
1000000010001001
1000000010000000
1000000010001001
1000000010000000
1000000000001001
1000000010000000
1000000000000001
1000000010000000
1000000010000000
1000000010000000
1000000010000000
1000000010000000
1000000010000000
1000000010000000
1000000010000000
0000000110000000
1000000110000000
1000000010000000
1000000010000000
1000000010000000
1000000010000001
1000000010000000
1000000000000001
1000000010000000
1000000010000010
1000000010000000
1000000010000010
1000000010000000
1000000000000011
1000000010000000
1000000010000100
1000000010000000
1000000010000011
0000000110000000
1000000010000100
1000000010000000
1000000100000101
1000000110000000
1000000010000110
0000000110000000
1000000010000101
1000000010000000
1000000010000110
1000000010000000
1000000000000111
1000000010000000
1000000010001000
1000000010000000
1000000010000111
1000000010000000
1000000010001000
1000000010000000
1000000000001001
0000000110000000
1000000100001001
1000000010000000
1000000000001001
1000000010000000
1000000000001001
1000000010000000
1000000000000001
1000000010000000
1000000000000011
1000000010000000
1000000010000000
1000000000000001
1000000010000000
1000000010000000
1000000010000000
1000000010000000
1000000010000000
0000000110000000
1000000010000000
1000000010000000
1000000110000000
1000000010000000
1000000010001001
1000000010000000
1000000000000001
1000000010000000
1000000010001001
1000000010000000
1000000010000001
1000000010000001
1000000000001001
1000000010000000
1000000010000010
1000000000000001
1000000010001001
0000000110000000
1000000000000011
1000000010000001
1000000100001001
1000000010000000
1000000010000100
1000000000000001
1000000010001000
1000000010000000
1000000010000010
1000000010000001
1000000010000011
1000000010000000
1000000000001000
1000000010000000
1000000000000100
0000000110000000
1000000010000111
1000000000000001
1000000010000101
1000000010000000
1000000000000110
1000000010000000
1000000010000101
1000000010000000
1000000110000110
1000000010000000
1000000010000111
1000000010000000
1000000000000001
1000000010000000
1000000000001001
1000000010000000
1000000000000010
0000000110000000
1000000000001001
1000000010000000
1000000000000011
1000000010000001
1000000000001001
1000000010000000
1000000000000100
1000000000000001
1000000110000000
1000000010000000
1000000010000000
1000000010000001
1000000010000000
1000000010000000
1000000010000000
1000000000000001
1000000010000000
0000000110000000
1000000010000000
1000000010000000
1000000010000000
1000000010000000
1000000010000001
1000000010000001
1000000010000000
1000000000000010
1000000010000000
1000000010000000
1000000010000000
1000000010000000
1000000110000000
1000000010000000
1000000010000000
1000000010000000
1000000010000000
0000000110000000
1000000010000000
1000000000001001
1000000010000000
1000000010001001
1000000010000000
1000000010001001
1000000010000000
1000000010001001
1000000010000000
1000000000001001
1000000010000000
1000000000001000
1000000110000000
0000000110001000
1000000010000000
1000000000000111
1000000010000000
1000000000000111
1000000010000000
1000000010000110
1000000010000000
1000000010000110
1000000010000000
1000000000000101
1000000010000000
1000000000000101
1000000010000000
1000000010000100
1000000010000000
1000000010000100
1000000010000000
0000000100000011
1000000110000000
1000000000000011
1000000010000000
1000000010000010
1000000010000000
1000000010000010
1000000010000000
1000000000000001
1000000010000000
1000000000000001
1000000010000000
1000000000000001
1000000010000000
1000000010000000
1000000010000000
1000000010000000
1000000010000000
0000000110000000
1000000000000001
1000000010000000
1000000010000001
1000000010000000
1000000110000000
1000000010000000
1000000010000000
1000000000000001
1000000000000001
1000000000000001
1000000010000000
1000000010000010
1000000010000000
1000000010000010
1000000010000000
1000000000000011
1000000010000000
1000000000000011
1000000010000000
1000000010000100
1000000010000001
1000000010000100
1000000010000000
0000000100000101
1000000010000000
1000000000000101
1000000000000001
1000000010000110
1000000110000000
1000000010000110
1000000010000001
1000000000000111
1000000010000000
1000000000000111
1000000010000000
1000000010001000
1000000010000000
1000000000001000
1000000010000000
1000000000001001
1000000010000000
1000000010001001
1000000010000000
1000000010001001
1000000010000000
0000000110001001
1000000010000000
1000000000001001
1000000010000000
1000000000000010
1000000110000000
1000000010000001
1000000010000000
1000000010000000
1000000010000000
1000000010000000
1000000010000000
1000000010000000
1000000010000000
1000000010000000
1000000010000000
1000000010000000
1000000010000000
1000000010000001
1000000010000000
1000000000000001
1000000010000000
1000000010000010
1000000010000000
1000000010000010
1000000010000000
0000000100000011
1000000110000000
1000000010000100
1000000010000000
1000000010000011
1000000010000000
1000000010000100
1000000010000000
1000000000000101
1000000000000001
1000000010000110
1000000010000001
1000000010000101
1000000010000000
1000000010000110
1000000010000000
1000000000000111
1000000010000000
1000000010001000
1000000010000000
1000000010000111
1000000110000000
0000000110001000
1000000010000000
1000000000001001
1000000010000000
1000000000001001
1000000010000000
1000000000001001
1000000010000000
1000000000001001
1000000010000000
1000000000000001
1000000010000000
1000000000000011
1000000010000000
1000000010000000
1000000010000000
1000000010000000
1000000010000000
1000000010000000
1000000110000000
1000000010000000
1000000010000000
0000000110000000
1000000010000000
1000000010000000
1000100110000000
0000100110001001
0000001010000000
1000001000000001
1000100110000000
0000100110001001
0000001010000000
1000001010000001
1000100110000000
0000100000001001
0000010010000000
1000001110000010
1000011010000000
0000010110001001
0000001010000000
1000000100000011
1000010110000000
0000010000001001
0000000110000000
1000000010000100
1000010010000000
0000001110001000
1000000110000000
0000000110000010
1000001110000000
0000001110000011
1000000110000000
0000000100001000
1000001110000000
0000001100000100
1000001010000000
0000001010000111
1000001010000000
0000001110000101
1000001010000000
0000001000000110
1000001110000000
0000001010000101
1000001010000000
0000001110000110
1000001010000000
0000001010000111
1000001010000000
0000001000000001
1000001110000000
0000001000001001
1000000110000000
0000001000000010
1000001010000000
0000000100001001
1000001010000000
0000001000000011
1000000110000000
0000000100001001
1000000110000000
0000001000000100
1000001010000000
0000000110000000
1000000110000000
0000000110000000
1000000110000000
0000000110000000
1000000110000000
0000000110000000
1000000110000000
0000000110000000
1000000110000000
0000001010000000
1000000110000000
0000000110000000
1000000110000000
1000000010000000
1000000010000000
0000000110000000
1000000110000000
0000000110000000
1000000110000000
0000000110000000
1000000110000000
1000000010000000
1000000010000000
0000000110000000
1000000110000000
0000000110000000
1000000110000000
1000000010000000
1000000010000000
0000000110000000
1000000110000000
1000000010000000
1000000000000001
0000000110000000
1000000110000000
1000000010000000
1000000010000001
0000000110000000
1000000110000000
0000000110000000
1000000010000000
1000000010000000
1000000110000000
1000000010000000
1000000010000000
0000000110000000
1000000000000001
1000000010000000
1000000110000000
1000000010000000
1000000010000001
0000000110000000
1000000010000000
1000000010000000
1000000110000000
1000000010000000
1000000010000000
0000000100000001
1000000010000000
1000000010000000
1000000110000000
1000000010000001
1000000010000000
0000000110000000
1000000010000000
1000000000000001
1000000100000001
1000000010000001
1000000010000001
1000000010000000
1000000010000000
0000000110000000
1000000110000000
1000000000000001
1000001010000000
1000000010000001
1000000010000000
0000000100000001
1000000010000000
1000000010000000
1000000010000000
1000000010000000
1000000010000000
1000000010000000
1000000010000000
1000000010000000
1000000010000000
1000000010000000
1000000010000000
1000000010000000
1000000010000000
1000000010000001
1000000010000000
1000000110000000
1000000010000000
1000000000000001
1000000010000000
0000000110000000
1000000010000000
1000000010000000
1000000010000000
1000000010000000
1000000010000000
1000000010000000
1000000010000000
1000000010000000
1000000010000000
1000000010000000
1000000010000000
1000000110000000
1000000010000000
1000000010000000
1000000010000000
0000000110000000
1000000010000000
1000000010000001
1000000010000000
1000000010000000
1000000000000001
0000000110000000
1000000010000000
0000001010000000
1000000010000000
1000000010000000
1000000010000000
1000000010000000
1000000010000000
1000000010000000
1000000010000000
1000000010000000
1000000010000000
1000000010000000
1000000010000000
1000000010000000
1000000010000000
1000000010000000
1000000010000000
1000000010000000
1000000010000000
1000000010000000
1000000010000000
1000000010000000
1000000010000000
1000000010000000
1000000010000000
1000000010000000
1000000010000000
1000000010000000
1000000010000000
1000000010000000
1000000010000000
1000000010000000
1000000010000000
1000000010000000
1000000010000000
1000000010000000
1000000010000000
1000000010000000
1000000010000000
1000000010000000
1000000010000000
1000000010000000
1000000010000000
1000000010000000
1000000010000000
1000000010000000
1000000010000000
1000000010000000
1000000010000000
1000000010000000
1000000010000000
1000000010000000
1000000010000000
1000000010000000
1000000010000000
1000000010000000
1000000010000000
1000000010000000
1000000010000000
1000000010000000
1000000010000000
1000000010000000
1000000010000000
1000000010000000
1000000010000000
1000000010000000
1000000010000000
1000000010000000
1000000010000000
1000000010000000
1000000010000000
1000000010000000
1000000010000000
1000000010000000
1000000010000000
1000000010000000
1000000010000000
1000000010000000
1000000010000000
1000000010000000
1000000010000000
1000000010000000
1000000010000000
1000000010000000
1000000010000000
1000000010000000
1000000010000000
1000000010000000
1000000010000000
1000000010000000
1000000010000000
1000000010000000
1000000010000000
1000000010000000
1000000010000000
1000000010000000
1000000010000000
1000000010000000
1000000010000000
1000000010000000
1000000010000000
1000000010000000
1000000010000000
1000000010000000
1000000010000000
1000000010000000
1000000010000000
1000000010000000
1000000010000000
1000000010000000
1000000010000000
1000000010000000
1000000010000000
1000000010000000
1000000010000000
1000000010000000
1000000010000000
1000000010000000
1000000010000000
1000000010000000
1000000010000000
1000000010000000
1000000010000000
1000000010000000